 65  65  65  65  65  65  65  65  65  65  65  65  65  65  65  65  65  65  65  65  65  65 
 65  66  66  66  66  66  66  66  66  66  66  66  66  66  66  66  66  66  65  65  65  65 
 65  65 255 255 255 255 255 255 255 255 255 255 255 255 255 255 255 255 255 255  65  65 
 65  65 255 255 255 255 255 255 255 255 255 255 255 255 255 255 255 255 255 255  65  65 
 65  65 255 255 255 255 255 255 255 255 255 255 255 255 255 255 255 255 255 255  65  65 
 65  65 255 255 255 255 255 255 255 255 255 255 255 255 255 255 255 255 255 255  65  65 
 65  65 255 255 255 255 255 255 255 255 255 255 255 255 255 255 255 255 255 255  65  65 
 65  65 255 255 255 255 255 255 255 255 255 255 255 255 255 255 255 255 255 255  65  65 
 65  65 255 255 255 255 255 255 255 255 255 255 255 255 255 255 255 255 255 255  65  65 
 65  65 255 255 255 255 255 255 255 255 255 255 255 255 255 255 255 255 255 255  65  65 
 65  65 255 255 255 255 255 255 255 255 255 255 255 255 255 255 255 255 255 255  65  65 
 65  65 255 255 255 255 255 255 255 255 255 255 255 255 255 255 255 255 255 255  65  65 
 65  65 255 255 255 255 255 255 255 255 255 255 255 255 255 255 255 255 255 255  65  65 
 65  65 255 255 255 255 255 255 255 255 255 255 255 255 255 255 255 255 255 255  65  65 
 65  65 255 255 255 255 255 255 255 255 255 255 255 255 255 255 255 255 255 255  65  65 
 65  65 255 255 255 255 255 255 255 255 255 255 255 255 255 255 255 255 255 255  65  65 
 65  65 255 255 255 255 255 255 255 255 255 255 255 255 255 255 255 255 255 255  65  65 
 65  65 255 255 255 255 255 255 255 255 255 255 255 255 255 255 255 255 255 255  65  65 
 65  65  65  65  65  65  65  65  65  65  65  65  65  65  65  65  65  65  65  65  65  65 
 65  66  67  68  69  70  65  65  65  65  65  65  65  65  65  65  65  65  65  65  65  65
